Graph 1 -> Physical Registers: 21
----------------------------------------
----------------------------------------
K = 21

id: 32	qt: 6
id: 33	qt: 5
id: 34	qt: 17
id: 35	qt: 17
id: 36	qt: 17
id: 37	qt: 17
id: 38	qt: 4
id: 39	qt: 8
id: 40	qt: 5
id: 41	qt: 5
id: 42	qt: 5
id: 43	qt: 5
id: 44	qt: 4
id: 45	qt: 4
id: 46	qt: 4
id: 47	qt: 8
Push: 38
5
4
16
17
16
16
4
8
5
5
5
5
4
4
4
7
Push: 44
6
5
17
17
17
17
4
8
5
5
5
5
4
4
4
8
Push: 45
6
5
17
17
17
17
4
8
5
5
5
5
4
4
4
8
Push: 46
6
5
17
17
17
17
4
8
5
5
5
5
4
4
4
8
Push: 33
5
4
17
16
16
16
4
8
5
5
5
5
4
4
4
7
Push: 40
5
4
16
16
16
17
4
8
5
5
5
5
4
4
4
7
Push: 41
6
5
17
17
17
17
4
8
5
5
5
5
4
4
4
8
Push: 42
6
5
17
17
17
17
4
8
5
5
5
5
4
4
4
8
Push: 43
6
5
17
17
17
17
4
8
5
5
5
5
4
4
4
8
Push: 32
5
4
16
16
16
16
4
8
5
5
5
5
4
4
4
8
Push: 39
5
4
16
16
17
16
4
8
5
5
5
5
4
4
4
7
Push: 47
6
5
17
17
17
17
4
8
5
5
5
5
4
4
4
8
Push: 34
5
5
17
17
17
17
4
8
5
5
5
5
4
4
4
8
Push: 35
6
5
17
17
17
17
4
8
5
5
5
5
4
4
4
8
Push: 36
6
5
17
17
17
17
4
8
5
5
5
5
4
4
4
8
Push: 37
6
5
17
17
17
17
4
8
5
5
5
5
4
4
4
8
